00000012
0000000D
000000FF
00000008
00000020
00000040
00000040
00000040
00000040
00000040
00000040
00000040
00000040
00000040
00000040
00000040
00000040
00000040
00000040
00000040
00000040
00000040
00000040
00000040
00000040
00000040
00000040
00000040
00000040
00000040
00000040
00000040
00000040
00000040
00000040
00000040
00000040
00000040
00000040
00000040
00000040
00000040
00000040
00000040
00000040
00000040
00000040
00000040
00000040
00000040
00000040
00000040
00000040
00000040
00000040
00000040
00000040
00000040
00000040
00000040
00000040
00000040
00000040
00000040
00000040
00000040
00000040
00000040
00000040
00000040
00000040
00000040
00000040
00000040
00000040
00000040
00000040
00000040
00000040
00000040
00000040
00000040
00000040
00000040
00000040
00000040
00000040
00000040
00000040
00000040
00000040
00000040
00000040
00000040
00000040
00000040
00000040
00000040
00000040
00000040
00000040
00000040
00000040