65800000
65C00008
66000000
00000000
00000000
80DC0000
00000000
00000000
00000000
81200000
81600004
C0000050
A05C0000
741C0194
00000000
00000000
00000000
D00000F4
45DC0004
C000000C
64400001
64800000
740C0000
D00000E4
00000000
00000000
00000000
70090000
00000000
00000000
00000000
D00000D0
00000000
00000000
00000000
6844C000
C000009C
44880001
C0000058
00000000
00000000
00000000
70054000
00000000
00000000
00000000
E0000094
00000000
00000000
00000000
48454000
C000009C
74180000
00000000
00000000
00000000
D0000030
6040C000
00000000
00000000
C0000030
10000000
64400000
64000008
00000000
00000000
00000000
74040064
00000000
00000000
00000000
D000013C
80800000
44440001
44000004
00000000
00000000
00000000
C000010C
00000000
00000000
00000000
20000000