11011100010000000000000000000001
11011100100000000000000000001010
11011100000000000000000000000000
11011100000000000000000000000000
11011100000000000000000000000000
11011100000000000000000000000000
11011100000000000000000000000000
10000000110001001000000000000000
10001001000010000100000000000000
10010001010001001000000000000000
10011001100001001000000000000000
11011100000000000000000000000000
11011100000000000000000000000000
11011100000000000000000000000000
11011100000000000000000000000000
11011100000000000000000000000000
10100000110000000000000000001000
10100001000000000000000000001100
10100001010000000000000000010000
10100001100000000000000000010100
10000001110000000000000000000100
11011100000000000000000000000000
11011100000000000000000000000000
11011100000000000000000000000000
11011100000000000000000000000000
11011100000000000000000000000000
10100001110000000000000000000100
11100100000111000000000000000111
11011100000000000000000000000000
11011100000000000000000000000000
11011100000000000000000000000000
11011100000000000000000000000000
11011100000000000000000000000000
01010000000000000000000010001100
01000000000000000000000011001000
11100100000001000000000000001010
11011100000000000000000000000000
11011100000000000000000000000000
11011100000000000000000000000000
11011100000000000000000000000000
11011100000000000000000000000000
01010000000000000000000011001000
10100000010000000000000000010100
11000100010001000000000000000001
11011100000000000000000000000000
11011100000000000000000000000000
11011100000000000000000000000000
11011100000000000000000000000000
11011100000000000000000000000000
01000000000000000000000010001100
11100100000001000000000000001010